229
northern cave
-2
0 3 3
0.000000000000000
52747.392251700025 60.0 268.0 2.0 9.0 8.0 315.83904761904756 
44809.14678114107 64.0 258.9 1.0 7.0 10.666666666666666 285.1666666666667 
1ST LEGIT BEAT
battlefield
0
1 3 0
0.000000000000000
44035.709221005 79.0 76.1 3.0 12.0 235.86857142857144 0.0 
41172.51854911321 52.0 116.2 0.0 10.5 72.5 0.0 
3-0
battlefield
-2
0 3 3
0.000000000000000
45720.30526161079 42.0 243.4 1.0 8.833333333333332 5.5 430.5 
33025.35074414307 44.0 164.3 2.0 1.8333333333333335 26.639188984383644 171.9685722252107 
ALEX FINALLY BEAT
battlefield
0
1 2 0
0.000000000000000
110154.83032926927 166.0 140.3 1.0 24.583333333333336 222.79866666666666 0.0 
122411.49356843295 228.0 123.6 0.0 25.166666666666668 266.06560180306127 0.0 
E BEATS J AND M
northern cave
-1
0 8 6
1076.833333333333500
13459.664237569647 17.0 98.7 6.0 0.0 3.5 33.166666666666664 
14162.1804141337 17.0 57.0 7.0 3.0 0.0 90.0 
EDDIE GAVE UP
northern cave
0
2 9 3
0.000000000000000
76985.63695443269 125.0 196.8 9.0 14.916666666666663 118.5 327.66666666666663 
70946.86265282767 90.0 288.5 9.0 12.583333333333334 122.6 273.6533333333333 
ERNEST BEATS JON
battlefield
-2
0 3 3
0.000000000000000
66127.49780653992 86.0 288.8 1.0 21.666666666666668 40.0 601.9200000000002 
21320.449256921034 4.0 207.9 1.0 0.0 0.0 0.0 
ERNEST SOLO!1!
battlefield
0
2 9 3
0.000000000000000
60356.315126503265 76.0 276.9 9.0 12.166666666666666 193.64285714285714 401.21142857142854 
54657.165411488764 56.0 263.7 9.0 3.333333333333333 133.64064411215787 198.84482305646492 
ERNEST VICTORY
northern cave
0
2 9 6
0.000000000000000
75261.01167253342 103.0 275.3 9.0 9.916666666666666 57.37084647926823 331.5745580001652 
52849.51545287842 47.0 380.8 9.0 3.916666666666666 232.0 271.5 
ERNEST WIN AT LAS
northern cave
-2
0 8 6
0.000000000000000
55174.38154147815 78.0 253.0 2.0 9.083333333333332 7.1548454055262765 369.0508134708125 
55193.12645737968 80.0 168.7 2.0 9.166666666666666 18.0 240.83333333333334 
GOD BOSS DEAD
final destination
0
1 3 0
0.000000000000000
40109.252831273465 71.0 123.0 2.0 13.166666666666668 106.88250000000002 0.0 
74207.92968336666 76.0 106.2 0.0 20.75 123.70463557824682 0.0 
JASON CHEATED
northern cave
-1
0 3 3
15.507553053541987
56639.79267683748 106.0 229.4 2.0 6.250000000000001 140.5 470.1666666666667 
40024.39467051117 55.0 253.2 0.0 7.916666666666667 17.76415605158352 114.72578027979151 
JASONS FAILUER
final destination
1
2 9 2
0.000000000000000
31262.61991767458 16.0 154.4 9.0 4.5 107.33555555555559 143.2 
46843.06558033184 60.0 274.8 9.0 6.0 57.5 248.0 
JAYDEN VS ERNEST
northern cave
-2
0 3 3
0.000000000000000
59.699789131522834 0.0 10.1 3.0 0.0 0.0 0.0 
55.214868730505636 0.0 10.0 3.0 0.0 0.0 0.0 
JKHJHLKJHKJHKJHKL
northern cave
0
1 3 0
0.000000000000000
101571.10162697812 155.0 193.8 2.0 19.25 310.5 0.0 
78431.17897493279 93.0 133.8 0.0 13.249999999999996 364.5773333333333 0.0 
KMS BC OF MZ
northern cave
-2
0 3 3
0.000000000000000
53011.150923248744 81.0 254.7 1.0 7.583333333333334 19.472 227.856 
56711.72016438191 82.0 214.4 1.0 12.749999999999998 19.332 374.29799999999886 
MEL'S SUCCESS
final destination
-1
0 3 2
335.651954431270040
24798.774863891907 38.0 299.6 0.0 2.1666666666666665 70.0 103.13 
36785.18711073828 31.0 320.8 1.0 9.499999999999998 29.039729661461216 161.21804556873093 
MICHAEL THREW SO 
final destination
1
1 3 0
0.000000000000000
34762.52462009698 37.0 102.0 0.0 17.83333333333333 134.93279347531913 0.0 
53814.938310671714 62.0 133.4 2.0 19.75 215.112 0.0 
MICHAERL
battlefield
-2
0 3 3
0.000000000000000
17879.56558988293 11.0 204.5 1.0 1.8333333333333335 4.666666666666666 16.5 
24031.31458395942 23.0 219.8 1.0 4.25 27.0 203.5 
NO CHEAT TRUST
battlefield
-1
0 1 2
74.500000000000000
8812.080691634814 18.0 95.0 1.0 3.0 6.833333333333334 25.5 
993.5657785583414 0.0 37.0 0.0 0.0 0.0 0.0 
TESTY ZESTY
northern cave
0
2 9 2
0.000000000000000
45292.70366822355 63.0 313.1 9.0 9.0 35.5 250.05111111111108 
35382.14949300049 38.0 210.2 9.0 7.0 0.0 167.59777777777774 
THAT NO ADD UP...
battlefield
1
1 1 2
0.000000000000000
7701.620429386355 0.0 148.5 0.0 1.0 41.0 0.0 
2546.8364277525707 0.0 40.8 1.0 3.5 147.5 0.0 
THE UNKNOWN BATTLE
battlefield
-1
0 1 2
68.000000000000000
3686.726191186262 8.0 0.0 1.0 2.0 0.0 32.0 
1773.6976873667536 0.0 119.9 0.0 0.0 0.0 0.0 
THE UNKNOWN BATTLE 0
battlefield
0
2 1 2
0.000000000000000
12546.780090477609 29.0 21.0 1.0 5.0 14.0 117.0 
1376.8755600728557 0.0 42.0 0.0 0.0 0.0 0.0 
THE UNKNOWN BATTLE 1
northern cave
-1
0 1 4
89.100000000000000
8164.552348517227 14.0 38.6 1.0 3.0 0.0 60.9 
1436.0305420822656 0.0 76.9 0.0 0.0 0.0 0.0 
THE UNKNOWN BATTLE 2
battlefield
-1
0 1 4
116.000000000000000
5899.310234149126 1.0 175.6 0.0 1.0 0.0 20.0 
813.7264316110881 2.0 0.0 1.0 2.0 1.5 14.0 
THE UNKNOWN BATTLE 3
final destination
-1
0 9 4
150.000000000000000
0.0 0.0 0.0 9.0 0.0 0.0 0.0 
0.0 0.0 0.0 9.0 0.0 0.0 0.0 
THE UNKNOWN BATTLE 4
battlefield
-2
0 9 4
0.000000000000000
13544.906902833502 8.0 165.0 9.0 1.0 0.0 78.5 
13432.612186292694 20.0 114.0 9.0 3.0 0.0 72.0 
THE UNKNOWN BATTLE 5
battlefield
-2
0 9 4
0.000000000000000
28079.46928857111 11.0 171.0 9.0 1.0 2.0 21.0 
35776.78936378331 25.0 178.8 9.0 5.0 0.0 130.4 
THE UNKNOWN BATTLE 6
northern cave
-2
0 9 4
0.000000000000000
51810.86032802222 42.0 221.6 9.0 2.0 28.0 106.5 
38371.16489957076 20.0 164.4 9.0 2.0 0.0 31.5 
THE UNKNOWN BATTLE 7
northern cave
-2
0 9 4
0.000000000000000
12915.273380556428 18.0 124.5 9.0 0.0 7.0 150.5 
7208.470790415096 2.0 272.2 9.0 0.0 0.0 0.0 
THE UNKNOWN BATTLE 8
northern cave
-2
0 9 4
0.000000000000000
25412.497181495248 43.0 218.1 9.0 0.0 2.0 144.94444444444443 
16798.979900893464 0.0 332.3 9.0 0.0 0.0 19.999999999999996 
THE UNKNOWN BATTLE 9
final destination
-1
0 3 6
242.500000000000000
11954.267732173932 10.0 91.3 0.0 0.0 0.0 41.50000000000001 
9751.36219246855 10.0 155.2 2.0 0.0 2.0 16.0 
THE UNKNOWN BATTLE 10
final destination
0
1 3 0
0.000000000000000
11437.622715809379 3.0 43.6 3.0 2.5 176.0 0.0 
23848.11176584987 19.0 176.8 0.0 1.0 44.32000000000001 0.0 
THE UNKNOWN BATTLE 11
battlefield
-1
0 5 4
342.486666666666400
68420.84665043252 91.0 192.0 1.0 7.0 3.0 351.0 
27967.996892794377 20.0 157.9 0.0 4.0 15.833333333333332 116.51333333333339 
THE UNKNOWN BATTLE 12
battlefield
-1
0 5 4
606.833333333333400
23478.74543602449 25.0 218.3 3.0 0.0 11.0 82.0 
14926.494565314715 25.0 166.1 4.0 4.0 0.0 121.16666666666667 
THE UNKNOWN BATTLE 13
battlefield
-2
0 3 3
0.000000000000000
1619.5485566884176 0.0 60.0 2.0 0.0 0.0 8.0 
1031.7663857047326 0.0 81.1 3.0 0.0 0.0 0.0 
THE UNKNOWN BATTLE 14
final destination
-1
0 3 3
387.500000000000000
30727.390087443626 30.0 100.5 0.0 2.5 32.0 64.0 
29402.424451062827 37.0 95.1 1.0 2.0 18.5 148.5 
THE UNKNOWN BATTLE 15
northern cave
-1
0 3 3
152.800000000000070
43465.33073685454 68.0 170.2 0.0 6.0 53.3386666666667 225.0 
44575.484332027176 56.0 138.8 1.0 4.0 8.0 222.5 
THE UNKNOWN BATTLE 16
battlefield
-1
0 3 3
590.283333333333000
6644.068032555925 2.0 116.6 2.0 4.5 0.0 9.716666666666667 
2352.226423765454 0.0 44.0 1.0 0.0 0.0 0.0 
THE UNKNOWN BATTLE 17
final destination
-1
0 3 3
600.000000000000000
0.0 0.0 0.0 3.0 0.0 0.0 0.0 
0.0 0.0 0.0 3.0 0.0 0.0 0.0 
THE UNKNOWN BATTLE 18
final destination
-1
0 9 3
90.700000000000000
303.0561934972946 0.0 17.0 9.0 1.0 0.0 9.3 
0.0 0.0 0.0 9.0 0.0 0.0 0.0 
THE UNKNOWN BATTLE 19
northern cave
-1
0 9 3
100.000000000000000
0.0 0.0 0.0 9.0 0.0 0.0 0.0 
0.0 0.0 0.0 9.0 0.0 0.0 0.0 
THE UNKNOWN BATTLE 20
final destination
-1
0 9 3
100.000000000000000
0.0 0.0 0.0 9.0 0.0 0.0 0.0 
0.0 0.0 0.0 9.0 0.0 0.0 0.0 
THE UNKNOWN BATTLE 21
northern cave
-1
0 9 3
100.000000000000000
0.0 0.0 0.0 9.0 0.0 0.0 0.0 
0.0 0.0 0.0 9.0 0.0 0.0 0.0 
THE UNKNOWN BATTLE 22
final destination
-2
0 9 3
0.000000000000000
6433.801510876557 6.0 94.4 9.0 0.0 8.0 112.0 
1496.888636178282 4.0 13.0 9.0 0.0 0.0 0.0 
THE UNKNOWN BATTLE 23
northern cave
-2
0 9 3
0.000000000000000
8948.35916929672 20.0 25.6 9.0 0.0 8.0 104.0 
810.5696784667209 0.0 66.5 9.0 0.0 0.0 0.0 
THE UNKNOWN BATTLE 24
final destination
0
1 2 0
0.000000000000000
67421.32993714143 55.0 187.9 1.0 10.0 231.73333333333335 0.0 
94220.50776112059 115.0 153.1 0.0 9.5 219.51999999999998 0.0 
THE UNKNOWN BATTLE 25
battlefield
-1
0 9 0
0.000000000000000
21406.80286404482 33.0 39.0 9.0 3.0 81.96666666666673 0.0 
21151.774417580367 22.0 79.8 9.0 3.0 39.0 0.0 
THE UNKNOWN BATTLE 26
battlefield
1
1 1 0
0.000000000000000
33717.501899352865 41.0 122.5 0.0 5.5 138.38 0.0 
37250.987688906396 47.0 141.8 1.0 6.0 116.0 0.0 
THE UNKNOWN BATTLE 27
final destination
1
1 1 0
0.000000000000000
4524.811921964661 3.0 49.6 0.0 1.0 27.0 0.0 
8199.364873617564 6.0 27.0 1.0 3.0 49.644444444444446 0.0 
THE UNKNOWN BATTLE 28
final destination
-1
0 9 3
29.766666666666843
2261.0824851904663 3.0 44.4 9.0 1.0 1.2499999999999998 32.33333333333332 
6560.99258727402 8.0 119.6 9.0 3.0 0.0 37.9 
THE UNKNOWN BATTLE 29
final destination
-1
1 9 0
0.000000000000000
33138.926240806046 61.0 143.7 9.0 3.5 128.0 0.0 
12629.74368996248 2.0 65.2 9.0 6.5 236.66666666666666 0.0 
THE UNKNOWN BATTLE 30
northern cave
-2
0 9 3
0.000000000000000
10565.524344267544 14.0 109.3 9.0 4.0 2.5 100.88888888888889 
4683.402605184872 0.0 163.9 9.0 0.0 0.0 11.11111111111111 
THE UNKNOWN BATTLE 31
northern cave
-2
0 9 3
0.000000000000000
17513.251437699386 31.0 106.5 9.0 3.0 0.0 100.5 
1534.289264427304 0.0 86.9 9.0 0.0 0.0 0.0 
THE UNKNOWN BATTLE 32
final destination
-2
0 9 3
0.000000000000000
8450.883544743498 16.0 32.1 9.0 2.0 0.0 109.5 
2883.805140640043 0.0 24.3 9.0 0.0 0.0 0.0 
THE UNKNOWN BATTLE 33
battlefield
-2
0 9 3
0.000000000000000
17731.80711539371 7.0 235.6 9.0 4.0 32.0 104.0 
6677.762516463333 0.0 35.7 9.0 0.0 0.0 0.0 
THE UNKNOWN BATTLE 34
northern cave
-1
1 9 0
0.000000000000000
240.0 0.0 0.0 9.0 0.0 46.889438880380006 0.0 
694.322257935926 1.0 46.7 9.0 0.0 0.0 0.0 
THE UNKNOWN BATTLE 35
northern cave
-1
1 9 0
0.000000000000000
530.3401254622247 0.0 4.0 9.0 0.0 19.5 0.0 
2060.9980304389937 2.0 19.5 9.0 0.0 4.0 0.0 
THE UNKNOWN BATTLE 36
northern cave
-1
1 9 0
0.000000000000000
439612.297714212 859.0 242.2 9.0 64.0 1629.056361904761 0.0 
408094.1341990919 525.0 202.2 9.0 43.0 1074.5 0.0 
THE UNKNOWN BATTLE 37
northern cave
-1
0 9 3
100.000000000000000
4644.864959340083 0.0 128.5 9.0 0.0 0.0 0.0 
8683.29709869129 0.0 111.3 9.0 5.5 85.3 0.0 
THE UNKNOWN BATTLE 38
northern cave
-1
0 9 3
100.000000000000000
297.448365410136 0.0 33.0 9.0 0.0 0.0 0.0 
158.05071321927196 0.0 10.6 9.0 0.0 23.0 0.0 
THE UNKNOWN BATTLE 39
northern cave
-2
0 9 3
0.000000000000000
5372.187930658061 0.0 187.7 9.0 0.0 0.0 0.0 
15573.580076702034 25.0 156.1 9.0 0.0 30.0 110.0 
THE UNKNOWN BATTLE 40
final destination
-2
0 9 3
0.000000000000000
1227.2192712861086 0.0 55.5 9.0 0.0 0.0 0.0 
10183.22767647985 19.0 51.1 9.0 0.0 12.0 102.0 
THE UNKNOWN BATTLE 41
northern cave
-2
0 9 3
0.000000000000000
2435.6021548452086 0.0 107.6 9.0 0.0 0.0 0.0 
16644.23776371253 35.0 155.5 9.0 0.0 6.0 102.0 
THE UNKNOWN BATTLE 42
battlefield
-1
1 9 0
0.000000000000000
44077.39284074848 51.0 128.1 9.0 8.0 108.07333333333334 0.0 
33825.38984868865 47.0 107.9 9.0 13.5 161.5146666666667 0.0 
THE UNKNOWN BATTLE 43
northern cave
-1
0 3 3
214.818666666666620
46010.46446742952 70.0 173.7 0.0 2.5 17.166666666666668 179.98133333333348 
53548.870273615874 78.0 197.6 1.0 10.0 22.6 205.4 
THE UNKNOWN BATTLE 44
northern cave
-1
0 3 3
194.112476190477000
28337.852268676335 41.0 209.5 0.0 3.0 18.1495 185.92466666666684 
34581.235798954796 40.0 195.9 2.0 5.5 12.0 220.26285714285714 
THE UNKNOWN BATTLE 45
northern cave
-1
1 9 0
0.000000000000000
0.0 0.0 0.0 9.0 0.0 0.0 0.0 
6745.640877391348 11.0 0.0 9.0 0.0 0.0 0.0 
THE UNKNOWN BATTLE 46
battlefield
0
1 3 0
0.000000000000000
88489.16434836948 127.0 171.8 2.0 9.0 190.17615433858884 0.0 
91112.2684016035 173.0 112.7 0.0 3.0 196.5 0.0 
THE UNKNOWN BATTLE 47
battlefield
1
1 3 0
0.000000000000000
142211.30520948596 281.0 194.9 0.0 13.0 378.2866666666667 0.0 
124141.44176391089 182.0 183.0 1.0 13.0 360.4 0.0 
THE UNKNOWN BATTLE 48
battlefield
0
1 3 0
0.000000000000000
103290.80943567425 197.0 144.2 2.0 13.0 354.7780316430916 0.0 
98187.92882910465 151.0 154.9 0.0 4.0 191.0 0.0 
THE UNKNOWN BATTLE 49
northern cave
-1
0 3 3
318.580000000000040
42053.551804142066 64.0 171.9 1.0 3.0 36.0 162.42000000000002 
48274.17461070993 61.0 167.2 0.0 6.0 10.5 119.0 
THE UNKNOWN BATTLE 50
final destination
-1
0 3 3
179.582624402653660
34626.10963338982 34.0 100.7 0.0 5.0 56.67044895456659 185.9173755973463 
55747.082226825674 86.0 237.0 2.0 10.0 16.5 234.5 
THE UNKNOWN BATTLE 51
final destination
-1
0 3 3
501.800000000000000
14422.50937035236 9.0 64.6 0.0 0.0 25.81950791077289 4.0 
19121.37763006509 32.0 136.5 3.0 2.0 6.0 94.2 
THE UNKNOWN BATTLE 52
northern cave
-1
0 3 3
263.625714285714250
31825.25475318114 44.0 211.3 0.0 4.5 38.114285714285714 140.3542857142857 
46696.70648188252 67.0 213.9 2.0 5.5 12.540000000000001 196.01999999999998 
THE UNKNOWN BATTLE 53
final destination
-1
0 3 3
415.000000000000000
28115.175338082987 23.0 162.3 0.0 0.0 37.5 101.0 
28127.601146653218 30.0 172.1 1.0 2.0 0.0 84.0 
THE UNKNOWN BATTLE 54
battlefield
-1
0 3 3
592.968566866979200
16493.00375378743 16.0 140.6 0.0 0.0 0.0 0.0 
21487.488973776788 32.0 130.3 2.0 0.0 13.389438880380007 7.031433133020795 
THE UNKNOWN BATTLE 55
battlefield
-1
0 3 3
596.968566866979200
23495.26415960054 14.0 128.5 1.0 0.0 0.0 0.0 
35535.532062403065 36.0 229.8 0.0 3.0 91.6163914188921 3.0314331330207955 
THE UNKNOWN BATTLE 56
northern cave
-1
0 3 3
501.500000000000000
20546.952269795966 18.0 144.6 1.0 1.0 0.0 20.5 
43319.55168100524 50.0 224.0 0.0 4.0 13.389438880380007 78.0 
THE UNKNOWN BATTLE 57
northern cave
-1
0 3 3
498.000000000000000
20454.79809050567 46.0 84.0 3.0 0.0 19.5 102.0 
2879.500579236959 0.0 104.8 2.0 0.0 0.0 0.0 
THE UNKNOWN BATTLE 58
northern cave
-1
0 3 3
504.000000000000000
12035.83748210023 14.0 134.2 2.0 2.0 12.0 66.0 
15393.045844775419 18.0 86.8 1.0 1.0 12.0 30.0 
THE UNKNOWN BATTLE 59
northern cave
-1
0 3 3
244.603333333333180
42522.81189618331 67.0 131.7 2.0 5.0 51.160000000000004 202.37999999999997 
34859.352295602075 46.0 169.3 0.0 7.0 16.4 153.01666666666668 
THE UNKNOWN BATTLE 60
northern cave
-1
0 3 3
274.446666666666500
33601.32628510209 37.0 150.0 1.0 5.0 6.0 193.71999999999997 
34972.31792499465 44.0 146.0 0.0 0.0 7.0 131.83333333333334 
THE UNKNOWN BATTLE 61
northern cave
-1
0 3 3
101.929333333332880
61993.78848998699 73.0 229.8 2.0 7.0 8.0 306.0 
51382.030091907654 76.0 207.9 0.0 6.5 27.0 192.2706666666662 
THE UNKNOWN BATTLE 62
northern cave
-1
0 3 3
96.336190476189810
61650.263200976195 63.0 240.8 1.0 9.0 40.0 342.17714285714294 
55102.7744444119 70.0 270.1 0.0 7.0 32.66666666666667 161.68666666666655 
THE UNKNOWN BATTLE 63
northern cave
-1
0 3 3
184.967972227478580
47046.587837482424 64.0 217.9 2.0 9.0 0.0 190.03202777252153 
46410.974670535645 57.0 213.5 0.0 0.0 21.0 225.0 
THE UNKNOWN BATTLE 64
northern cave
-1
0 3 3
81.468999999999480
47290.204084659286 83.0 188.5 1.0 8.5 34.33333333333333 244.61599999999999 
57769.75299511192 96.0 256.0 0.0 5.0 23.937000000000005 274.1149999999991 
THE UNKNOWN BATTLE 65
northern cave
-1
0 3 3
94.839047619047660
38004.77071542221 53.0 135.1 0.0 3.0 32.58333333333333 193.66666666666669 
56635.897718028544 70.0 214.6 1.0 7.5 18.5 311.7942857142857 
THE UNKNOWN BATTLE 66
northern cave
-1
0 3 3
11.023111708796126
48108.44136420845 55.0 318.0 0.0 0.0 0.0 152.57688829120394 
38274.37342426878 54.0 221.9 2.0 8.0 23.31666666666667 436.7000000000001 
THE UNKNOWN BATTLE 67
northern cave
-2
0 3 3
0.000000000000000
40645.82675264628 59.0 189.5 1.0 4.0 0.0 270.34564026291696 
46444.524600910874 64.0 265.2 2.0 8.0 0.0 334.516 
THE UNKNOWN BATTLE 68
northern cave
-2
0 3 3
0.000000000000000
32052.45539145148 46.0 207.7 1.0 6.0 4.0 263.971 
46934.94038276882 74.0 284.0 2.0 5.0 6.0 362.40285714285716 
THE UNKNOWN BATTLE 69
northern cave
-2
0 3 3
0.000000000000000
29252.253632851127 42.0 160.9 1.0 6.5 16.833333333333332 216.77866666666696 
55208.13007229256 83.0 274.0 1.0 4.0 17.94857142857143 383.24857142857144 
THE UNKNOWN BATTLE 70
northern cave
-1
0 3 3
8.540000000000030
32387.134212585534 48.0 132.5 0.0 2.5 24.0 268.99999999999994 
55731.88935161983 62.0 268.7 1.0 6.0 0.0 322.65999999999997 
THE UNKNOWN BATTLE 71
northern cave
-1
0 3 3
8.086232983762898
57750.251361224815 84.0 185.9 0.0 8.0 14.0 260.6400000000008 
66677.09463246523 88.0 292.8 1.0 5.0 3.639015821545789 331.67376701623834 
THE UNKNOWN BATTLE 72
northern cave
-2
0 3 3
0.000000000000000
26755.05828929887 28.0 207.9 2.0 5.0 6.0 361.23999999999995 
37554.022506198344 64.0 150.1 2.0 7.0 3.0314331330207955 239.03514332982203 
THE UNKNOWN BATTLE 73
northern cave
-2
0 3 3
0.000000000000000
38260.44571993507 46.0 210.6 1.0 6.0 6.0 278.07566666666685 
48624.78687135292 75.0 207.8 1.0 9.0 47.177142857142854 350.7487238012233 
THE UNKNOWN BATTLE 74
northern cave
-2
0 3 3
0.000000000000000
19138.050763893974 37.0 106.4 2.0 7.0 2.7405 369.6519999999997 
38973.17044086914 56.0 235.0 2.0 6.0 20.245714285714286 249.12684037345872 
THE UNKNOWN BATTLE 75
northern cave
-2
0 3 3
0.000000000000000
23043.74626164905 33.0 203.9 3.0 9.0 13.044999999999998 350.61066666666585 
33277.92490607808 51.0 185.8 2.0 5.0 1.3195079107728942 249.77035968532292 
THE UNKNOWN BATTLE 76
northern cave
-1
0 3 3
29.761019688966350
32849.58725496522 43.0 242.4 1.0 7.0 3.0 327.6733333333335 
47916.96179662843 73.0 176.9 0.0 9.0 15.0 242.66564697770028 
THE UNKNOWN BATTLE 77
northern cave
-1
0 3 6
271.914519389069370
15688.7291689692 24.0 92.1 0.0 4.0 2.5 154.5 
18950.041513648273 40.0 76.5 2.0 3.0 0.0 173.58548061093063 
THE UNKNOWN BATTLE 78
battlefield
-1
0 3 6
295.610867230316900
15262.502972881412 25.0 77.3 1.0 1.0 6.0 239.36999999999938 
26235.445043769 29.0 125.7 0.0 3.0 7.382857142857143 65.01913276968382 
THE UNKNOWN BATTLE 79
northern cave
-1
1 9 0
0.000000000000000
0.0 0.0 0.0 9.0 0.0 0.0 0.0 
0.0 0.0 0.0 9.0 0.0 0.0 0.0 
THE UNKNOWN BATTLE 80
final destination
-1
1 9 0
0.000000000000000
0.0 0.0 0.0 9.0 0.0 0.0 0.0 
0.0 0.0 0.0 9.0 0.0 0.0 0.0 
THE UNKNOWN BATTLE 81
final destination
-1
0 9 3
100.000000000000000
0.0 0.0 0.0 9.0 0.0 0.0 0.0 
240.0 0.0 0.0 9.0 0.0 0.0 0.0 
THE UNKNOWN BATTLE 82
northern cave
-2
0 9 3
0.000000000000000
18317.540998799443 26.0 163.5 9.0 211.0 6.0 82.0 
6340.706436742529 2.0 193.5 9.0 0.0 0.0 36.5 
THE UNKNOWN BATTLE 83
battlefield
-1
1 9 0
0.000000000000000
8462.020157475221 25.0 0.0 9.0 30.0 0.0 0.0 
20.179325036307663 0.0 0.0 9.0 0.0 0.0 0.0 
THE UNKNOWN BATTLE 84
final destination
-1
1 9 0
0.000000000000000
22262.005553242583 51.0 13.5 9.0 94.0 29.5 0.0 
41181.91731857064 91.0 30.5 9.0 62.5 13.5 0.0 
THE UNKNOWN BATTLE 85
final destination
-1
0 3 3
600.000000000000000
2381.7949149141523 0.0 69.1 3.0 0.0 0.0 0.0 
6219.984820314569 0.0 79.2 3.0 3.333333333333333 0.0 0.0 
THE UNKNOWN BATTLE 86
battlefield
0
2 9 3
0.000000000000000
61478.71536440501 97.0 224.8 9.0 13.416666666666664 108.88 413.88 
68349.08784899126 68.0 299.8 9.0 15.999999999999993 118.50942857142859 188.7152380952381 
THE UNKNOWN BATTLE 87
battlefield
1
2 9 3
0.000000000000000
61566.90110780684 98.0 210.9 9.0 12.58333333333333 149.3 278.71333333333325 
72170.86537904662 84.0 248.5 9.0 11.999999999999998 96.0 322.35 
THE UNKNOWN BATTLE 88
battlefield
0
2 9 3
0.000000000000000
65655.896932769 116.0 217.1 9.0 13.166666666666664 231.45999999999998 333.79999999999995 
78797.53611401889 85.0 273.2 9.0 11.999999999999998 112.5 270.4714285714286 
THE UNKNOWN BATTLE 89
battlefield
1
1 3 0
0.000000000000000
34433.493255585185 42.0 88.0 0.0 10.0 96.67466759971323 0.0 
37807.069773721734 52.0 53.0 1.0 9.750000000000002 137.02285714285716 0.0 
THE UNKNOWN BATTLE 90
final destination
1
2 9 5
0.000000000000000
67029.45797568138 82.0 236.0 9.0 10.333333333333332 181.03333333333336 230.33333333333331 
65630.65013728252 83.0 153.9 9.0 8.083333333333334 104.7 369.96000000000004 
THE UNKNOWN BATTLE 91
northern cave
-1
0 8 6
28.528798493051056
57373.84406893912 81.0 150.0 0.0 4.916666666666666 36.0 314.78834436409164 
56388.16491999403 76.0 264.9 3.0 7.750000000000002 15.965714285714284 256.98285714285714 
THE UNKNOWN BATTLE 92
northern cave
-1
0 3 3
600.000000000000000
0.0 0.0 0.0 3.0 0.0 0.0 0.0 
0.0 0.0 0.0 3.0 0.0 0.0 0.0 
THE UNKNOWN BATTLE 93
battlefield
-1
0 3 3
502.500000000000000
7821.213281155784 13.0 153.7 2.0 0.4166666666666667 55.0 97.5 
7675.5671000885595 0.0 178.8 0.0 0.0 0.0 0.0 
THE UNKNOWN BATTLE 94
northern cave
-1
0 3 3
600.000000000000000
0.0 0.0 0.0 3.0 0.0 0.0 0.0 
0.0 0.0 0.0 3.0 0.0 0.0 0.0 
THE UNKNOWN BATTLE 95
northern cave
-1
0 3 3
592.500000000000000
224.57278859673542 0.0 22.5 3.0 0.0 0.0 0.0 
555.4672336638981 1.0 27.1 3.0 0.0 10.0 7.5 
THE UNKNOWN BATTLE 96
final destination
-1
0 3 3
576.333333333333300
1310.1224701422907 1.0 60.0 3.0 1.0 33.733333333333334 23.666666666666664 
2392.021695861262 0.0 29.7 2.0 0.0 0.0 0.0 
THE UNKNOWN BATTLE 97
northern cave
-1
0 3 3
564.500000000000000
15661.026943274226 24.0 95.8 0.0 0.8333333333333334 9.0 6.5 
25960.21305460561 47.0 243.5 1.0 2.0833333333333335 24.0 29.0 
THE UNKNOWN BATTLE 98
final destination
-1
0 3 3
600.000000000000000
2427.667970231095 0.0 55.2 2.0 0.0 0.0 0.0 
7832.36947803881 0.0 76.7 0.0 0.0 0.0 0.0 
THE UNKNOWN BATTLE 99
northern cave
-1
0 3 3
600.000000000000000
0.0 0.0 0.0 3.0 0.0 0.0 0.0 
0.0 0.0 0.0 3.0 0.0 0.0 0.0 
THE UNKNOWN BATTLE 100
final destination
-1
0 3 3
600.000000000000000
4418.444847588268 0.0 175.3 2.0 0.0 0.0 0.0 
5748.713572073058 0.0 76.7 0.0 0.0 0.0 0.0 
THE UNKNOWN BATTLE 101
final destination
-1
1 9 0
0.000000000000000
0.0 0.0 0.0 9.0 0.0 0.0 0.0 
0.0 0.0 0.0 9.0 0.0 0.0 0.0 
THE UNKNOWN BATTLE 102
final destination
-2
0 9 3
0.000000000000000
15540.68463148048 13.0 216.6 9.0 7.5 1.0 103.6 
10748.339007596805 4.0 126.4 9.0 0.0 0.0 0.0 
THE UNKNOWN BATTLE 103
final destination
1
2 9 3
0.000000000000000
43843.120509221 78.0 140.0 9.0 8.5 56.0 241.1 
24844.149456171726 6.0 340.2 9.0 3.4999999999999996 54.08763031234272 360.2553491603779 
THE UNKNOWN BATTLE 104
final destination
1
2 9 3
0.000000000000000
75371.33396196867 90.0 185.7 9.0 11.999999999999998 101.61777102092137 275.0190426914832 
54634.024926094084 38.0 209.8 9.0 7.666666666666669 134.0 325.03100000000023 
THE UNKNOWN BATTLE 105
northern cave
1
2 9 3
0.000000000000000
43218.166462292385 77.0 241.0 9.0 10.249999999999998 126.0 185.8438095238095 
32319.60719585116 54.0 185.6 9.0 4.916666666666667 138.25096908110527 416.8906206559217 
THE UNKNOWN BATTLE 106
battlefield
1
2 9 3
0.000000000000000
122646.72073438155 146.0 246.6 9.0 19.5 230.14857142857142 297.27009523809545 
84170.85082883903 115.0 288.6 9.0 15.249999999999995 243.83199999999997 303.6045000000005 
THE UNKNOWN BATTLE 107
final destination
0
2 9 3
0.000000000000000
51085.1831921014 54.0 269.4 9.0 7.666666666666667 82.91333333333333 319.0 
41169.600590828566 43.0 186.0 9.0 9.166666666666666 122.88350000000005 281.05050000000017 
THE UNKNOWN BATTLE 108
final destination
0
2 9 3
0.000000000000000
72526.2680279525 70.0 230.7 9.0 12.249999999999998 215.07428571428574 337.28 
55749.81502983891 71.0 147.3 9.0 6.916666666666668 266.72 269.1 
THE UNKNOWN BATTLE 109
northern cave
-1
0 3 3
437.239999999999950
43741.330873845785 33.0 244.3 0.0 8.25 33.5 158.76 
36016.79598896712 23.0 239.2 1.0 3.583333333333333 35.0 4.0 
THE UNKNOWN BATTLE 110
northern cave
-2
0 3 3
0.000000000000000
4377.1094574483195 0.0 82.3 1.0 1.0 0.0 0.0 
5985.513172585456 0.0 30.7 1.0 1.0 6.0 24.0 
THE UNKNOWN BATTLE 111
northern cave
-2
0 3 3
0.000000000000000
7484.8981560390275 0.0 163.9 2.0 0.0 0.0 0.0 
4592.476876217253 0.0 92.4 3.0 3.0 119.17714285714287 0.0 
THE UNKNOWN BATTLE 112
northern cave
-1
1 9 0
0.000000000000000
0.0 0.0 0.0 9.0 0.0 0.0 0.0 
0.0 0.0 0.0 9.0 0.0 0.0 0.0 
THE UNKNOWN BATTLE 113
northern cave
-1
1 9 0
0.000000000000000
0.0 0.0 0.0 9.0 0.0 0.0 0.0 
0.0 0.0 0.0 9.0 0.0 0.0 0.0 
THE UNKNOWN BATTLE 114
northern cave
0
2 9 3
0.000000000000000
10775.306915527857 22.0 81.2 9.0 6.0 4.0 102.0 
7194.082060287468 0.0 159.0 9.0 0.0 0.0 0.0 
THE UNKNOWN BATTLE 115
northern cave
-1
1 9 0
0.000000000000000
0.0 0.0 0.0 9.0 0.0 0.0 0.0 
0.0 0.0 0.0 9.0 0.0 0.0 0.0 
THE UNKNOWN BATTLE 116
northern cave
0
2 9 3
0.000000000000000
14800.822159937197 13.0 220.5 9.0 6.833333333333334 12.0 113.33333333333333 
6744.6269112670725 0.0 145.5 9.0 0.0 0.0 6.666666666666666 
THE UNKNOWN BATTLE 117
final destination
-1
1 9 0
0.000000000000000
397820.8456011148 527.0 139.6 9.0 224.41666666666652 1703.8229999999996 0.0 
431999.3471935958 441.0 177.0 9.0 141.75000000000026 985.9446857142842 0.0 
THE UNKNOWN BATTLE 118
northern cave
0
1 3 0
0.000000000000000
116105.00856013688 238.0 146.7 1.0 19.916666666666668 432.0 0.0 
94226.68499309386 83.0 168.7 0.0 21.500000000000007 319.63 0.0 
THE UNKNOWN BATTLE 119
northern cave
0
1 3 0
0.000000000000000
71007.97931318323 116.0 178.9 1.0 13.833333333333334 509.81714285714287 0.0 
62776.56316941049 60.0 182.0 0.0 16.5 362.29597600812116 0.0 
THE UNKNOWN BATTLE 120
final destination
1
1 3 0
0.000000000000000
80126.14944660124 71.0 231.9 0.0 2.0833333333333335 2.6265278044037674 0.0 
33884.430618217935 64.0 2.6 3.0 14.5 499.712 0.0 
THE UNKNOWN BATTLE 121
final destination
0
1 3 0
0.000000000000000
23734.97984575151 35.0 123.4 1.0 7.666666666666669 133.6 0.0 
24962.464231936825 30.0 133.6 0.0 3.333333333333333 160.35100304611578 0.0 
THE UNKNOWN BATTLE 122
northern cave
-1
0 3 3
160.939088687488630
45247.44241188451 73.0 221.5 0.0 10.083333333333332 19.509885445714676 89.68741131251204 
58556.494057012045 83.0 247.9 3.0 14.083333333333332 33.70916666666667 349.37350000000004 
THE UNKNOWN BATTLE 123
battlefield
-2
0 3 1
0.000000000000000
70048.96385275132 147.0 335.5 2.0 15.333333333333325 53.60420490317322 195.63346562867258 
46531.82364121744 48.0 261.3 3.0 15.999999999999998 10.246666666666666 406.25 
THE UNKNOWN BATTLE 124
northern cave
-2
0 3 3
0.000000000000000
8851.810547914718 1.0 241.1 2.0 1.0 7.5 30.0 
12204.298888283733 15.0 146.1 2.0 3.8333333333333335 17.0 104.0 
THE UNKNOWN BATTLE 125
final destination
-1
0 3 3
274.794428571428340
40416.81664971855 39.0 273.7 0.0 8.75 203.83333333333331 148.0 
55779.78736731428 55.0 233.1 2.0 11.25 78.60139285714294 177.20557142857083 
THE UNKNOWN BATTLE 126
final destination
-1
0 3 3
290.716190277030650
31352.18244440704 22.0 238.0 1.0 5.500000000000001 0.0 121.53380972296934 
27122.81670245098 27.0 158.3 0.0 4.25 19.0 187.75 
THE UNKNOWN BATTLE 127
final destination
-1
0 3 3
196.182908358465100
52764.98925777486 74.0 237.7 0.0 7.083333333333333 1.0 265.8170916415349 
50446.345547451565 59.0 246.1 1.0 7.500000000000001 0.0 138.0 
THE UNKNOWN BATTLE 128
battlefield
1
1 3 0
0.000000000000000
56415.66534960063 49.0 125.6 0.0 9.583333333333334 91.0 0.0 
53705.76188689976 75.0 48.0 2.0 17.75 324.09999999999997 0.0 
THE UNKNOWN BATTLE 129
final destination
1
1 3 0
0.000000000000000
49347.713619616654 73.0 172.2 0.0 20.666666666666668 242.98826666666696 0.0 
48631.14500594869 39.0 112.1 1.0 16.33333333333333 389.25 0.0 
THE UNKNOWN BATTLE 130
final destination
0
1 3 0
0.000000000000000
85508.00768067274 70.0 260.4 2.0 26.083333333333343 471.9 0.0 
63120.58168391856 45.0 197.4 0.0 49.58333333333329 488.7099216919605 0.0 
THE UNKNOWN BATTLE 131
final destination
-1
0 3 3
223.785523411204080
18874.693911753748 13.0 135.8 0.0 2.9166666666666665 8.333333333333332 136.64685714285716 
25302.367053450223 49.0 40.6 3.0 7.0 18.0 239.56761944593867 
THE UNKNOWN BATTLE 132
final destination
-1
0 3 3
69.277000000000830
62042.33470548266 99.0 148.1 0.0 9.833333333333332 61.5395 120.96099999999997 
54024.80090184413 39.0 313.8 1.0 17.083333333333336 60.956266666666636 409.76199999999943 
THE UNKNOWN BATTLE 133
final destination
1
1 3 0
0.000000000000000
98311.85384411934 88.0 169.8 0.0 14.333333333333332 305.23372061566045 0.0 
60773.3866654186 37.0 166.0 1.0 24.250000000000004 497.82274999999925 0.0 
THE UNKNOWN BATTLE 134
battlefield
-2
0 3 2
0.000000000000000
73780.49396078372 72.0 329.7 1.0 15.166666666666664 4.5 278.75 
59061.5132813064 64.0 350.3 1.0 18.083333333333336 44.0 326.5146666666672 
THE UNKNOWN BATTLE 135
northern cave
-2
0 3 2
0.000000000000000
38854.598142144874 53.0 201.5 2.0 9.75 0.75 234.33333333333334 
38934.28078189513 72.0 305.1 3.0 7.916666666666669 0.0 393.1008139170091 
THE UNKNOWN BATTLE 136
northern cave
-1
0 8 6
112.585275826334170
57790.49219258452 65.0 171.0 0.0 10.666666666666666 6.666666666666666 243.5 
59828.987708830646 91.0 150.0 2.0 7.333333333333335 6.0 244.014724173666 
THE UNKNOWN BATTLE 137
final destination
-2
0 3 2
0.000000000000000
42730.43751619202 28.0 308.0 1.0 10.499999999999996 0.0 296.42800000000005 
42303.40932406143 56.0 240.7 1.0 9.666666666666666 13.748533333333336 304.89866666666666 
THE UNKNOWN BATTLE 138
northern cave
-1
0 3 3
190.479207343744430
66089.50548681848 95.0 176.9 2.0 13.999999999999998 10.303999999999998 350.2613333333332 
63956.26495042956 100.0 151.2 0.0 14.16666666666666 32.25945932292243 59.25945932292243 
THE UNKNOWN BATTLE 139
final destination
-1
0 3 3
201.250000000000000
25988.48837308959 33.0 195.2 0.0 3.333333333333333 14.0 180.0 
38620.74639105687 54.0 230.9 3.0 9.916666666666666 16.0 218.75 
THE UNKNOWN BATTLE 140
final destination
-2
0 3 3
0.000000000000000
28302.51633939981 27.0 246.2 2.0 6.583333333333334 55.56 346.78668946737025 
39506.82922297067 59.0 137.5 1.0 7.25 14.0 253.9819999999996 
THE UNKNOWN BATTLE 141
final destination
-1
0 3 3
33.112557744899790
48072.20717334155 80.0 166.2 1.0 7.75 27.29533333333332 291.0 
33771.42801001342 23.0 163.1 0.0 5.416666666666667 1.0 275.8874422551004 
THE UNKNOWN BATTLE 142
final destination
-2
0 3 3
0.000000000000000
48452.364656330865 57.0 259.9 2.0 12.08333333333333 0.0 426.6977752301921 
45587.48732221794 66.0 181.5 1.0 6.333333333333334 34.666666666666664 174.16666666666666 
THE UNKNOWN BATTLE 143
final destination
-1
0 8 3
87.000000000000000
51222.083103979865 67.0 234.3 5.0 0.8333333333333334 0.0 0.0 
41836.03778355333 66.0 183.5 6.0 0.4166666666666667 85.0 35.0 
THE UNKNOWN BATTLE 144
northern cave
-2
0 8 3
0.000000000000000
9955.80204650928 1.0 242.4 7.0 0.0 0.0 0.0 
30788.06070794643 65.0 256.6 8.0 3.4166666666666665 10.0 250.0 
THE UNKNOWN BATTLE 145
battlefield
-2
0 8 3
0.000000000000000
7157.624074941442 3.0 122.3 8.0 0.0 0.0 0.0 
17016.933155535302 24.0 81.1 7.0 0.0 0.0 129.16666666666669 
THE UNKNOWN BATTLE 146
battlefield
-1
0 3 3
107.637714285714240
26728.650210270807 18.0 253.1 0.0 8.25 0.0 137.0 
52911.8797203356 73.0 313.6 1.0 18.166666666666668 13.0 373.3622857142857 
THE UNKNOWN BATTLE 147
final destination
-1
1 9 0
0.000000000000000
0.0 0.0 0.0 9.0 0.0 0.0 0.0 
0.0 0.0 0.0 9.0 0.0 0.0 0.0 
THE UNKNOWN BATTLE 148
northern cave
-1
1 9 0
0.000000000000000
29648.959987799553 49.0 22.3 9.0 7.083333333333335 24.0 0.0 
67508.03371348357 110.0 24.0 9.0 27.500000000000025 22.437463661685218 0.0 
THE UNKNOWN BATTLE 149
final destination
-1
1 9 0
0.000000000000000
1437.405032022922 2.0 0.0 9.0 0.0 0.0 0.0 
0.0 0.0 0.0 9.0 0.0 0.0 0.0 
THE UNKNOWN BATTLE 150
battlefield
0
1 3 0
0.000000000000000
113679.50163468735 201.0 152.0 2.0 19.0 283.6506666666668 0.0 
93748.81401988688 137.0 106.9 0.0 21.416666666666668 246.8226132616383 0.0 
THE UNKNOWN BATTLE 151
final destination
1
1 3 0
0.000000000000000
121083.1867710548 125.0 232.2 0.0 22.750000000000004 391.79862916934553 0.0 
121995.50994580529 135.0 234.6 1.0 24.083333333333343 577.8800000000001 0.0 
THE UNKNOWN BATTLE 152
northern cave
0
2 9 6
0.000000000000000
100495.75342590727 149.0 269.1 9.0 10.749999999999998 7.5 560.5000000000001 
38885.90216409372 0.0 446.6 9.0 0.0 0.0 60.0 
THE UNKNOWN BATTLE 153
final destination
0
2 9 1
0.000000000000000
17890.55032860313 8.0 202.2 9.0 10.916666666666666 0.0 600.1199999999998 
6252.897344266321 1.0 244.6 9.0 0.0 0.0 0.0 
THE UNKNOWN BATTLE 154
northern cave
-1
1 9 0
0.000000000000000
571.6269075165385 0.0 30.0 9.0 0.0 0.0 0.0 
332.0 0.0 0.0 9.0 2.0 30.0 0.0 
THE UNKNOWN BATTLE 155
northern cave
1
2 9 3
0.000000000000000
2245.4435855162833 0.0 105.3 9.0 0.0 0.0 0.0 
9549.556599870395 12.0 75.0 9.0 8.25 0.0 105.0 
THE UNKNOWN BATTLE 156
battlefield
-2
0 8 3
0.000000000000000
65239.363880511075 91.0 211.5 1.0 11.416666666666668 21.3504 237.24026666666654 
84135.02216027118 118.0 258.5 5.0 15.583333333333329 6.75 379.25 
THE UNKNOWN BATTLE 157
northern cave
1
1 3 0
0.000000000000000
69483.66779763963 102.0 139.1 0.0 19.583333333333336 58.99059161937011 0.0 
63292.88820310874 89.0 58.0 3.0 19.916666666666664 323.03999999999996 0.0 
THE UNKNOWN BATTLE 158
battlefield
0
2 9 3
0.000000000000000
93728.30929484668 131.0 244.7 9.0 17.083333333333336 77.3052231178108 368.6258748294746 
90239.28681065688 128.0 357.5 9.0 13.999999999999998 256.8333333333335 231.70000000000027 
THE UNKNOWN BATTLE 159
northern cave
-1
0 3 3
320.000000000000000
15347.7120726657 0.0 199.2 0.0 0.4166666666666667 0.0 0.0 
36445.54626213474 67.0 149.9 1.0 10.666666666666666 59.0 280.0 
THE UNKNOWN BATTLE 160
northern cave
0
2 9 6
0.000000000000000
71269.70679499801 123.0 176.6 9.0 8.083333333333334 32.557734000224 587.0694770639764 
29064.37185021863 0.0 160.8 9.0 0.0 0.0 16.666666666666664 
THE UNKNOWN BATTLE 161
final destination
0
2 9 6
0.000000000000000
26395.914529709113 20.0 183.7 9.0 0.0 0.0 601.0 
15006.142871093476 0.0 109.6 9.0 0.0 0.0 0.0 
THE UNKNOWN BATTLE 162
battlefield
1
2 9 6
0.000000000000000
46696.80031297001 8.0 157.4 9.0 0.0 0.0 21.0 
91462.59038583115 131.0 145.0 9.0 14.666666666666664 30.0 581.6869593229227 
THE UNKNOWN BATTLE 163
final destination
0
2 9 6
0.000000000000000
70775.1040621427 86.0 212.5 9.0 10.33333333333333 32.61866666666667 548.4591666666665 
38980.47782973051 18.0 117.6 9.0 1.25 0.0 65.0 
THE UNKNOWN BATTLE 164
northern cave
-2
0 8 3
0.000000000000000
36190.101018562294 4.0 272.4 3.0 0.8333333333333334 0.0 56.66666666666667 
98068.87866411905 207.0 272.9 6.0 20.083333333333332 82.5 618.1666666666667 
THE UNKNOWN BATTLE 165
final destination
-2
0 5 3
0.000000000000000
32040.208715623354 56.0 83.7 4.0 5.500000000000001 16.0 139.76 
13068.283096713574 1.0 213.0 4.0 7.833333333333334 3.0 461.5 
THE UNKNOWN BATTLE 166
battlefield
-1
0 3 3
600.000000000000000
12111.435627761128 23.0 137.7 2.0 0.0 0.0 0.0 
1384.8316663487901 0.0 62.4 3.0 0.0 0.0 0.0 
THE UNKNOWN BATTLE 167
northern cave
-1
0 3 3
597.500000000000000
10038.286949212157 0.0 117.9 0.0 1.25 0.0 0.0 
7153.831337636612 3.0 62.5 1.0 0.0 74.0 2.5 
THE UNKNOWN BATTLE 168
northern cave
-1
0 3 3
600.000000000000000
14886.90479727276 4.0 176.3 0.0 0.0 0.0 0.0 
9573.154493809569 1.0 163.9 1.0 0.4166666666666667 0.0 0.0 
THE UNKNOWN BATTLE 169
northern cave
-1
0 3 3
516.000000000000000
41778.95887852436 71.0 207.4 1.0 1.25 39.0 90.0 
9245.914824017678 0.0 144.4 0.0 0.0 0.0 0.0 
THE UNKNOWN BATTLE 170
final destination
-1
0 3 3
458.833333333333370
19667.88904354973 23.0 146.6 1.0 0.0 23.0 42.166666666666664 
19513.876203771328 14.0 150.6 0.0 1.0 12.262857142857143 121.0 
THE UNKNOWN BATTLE 171
final destination
-1
0 3 3
497.499999999999900
17023.99922963636 22.0 193.4 2.0 0.0 75.0 50.0 
18010.548309023703 21.0 161.3 0.0 0.5 29.666666666666668 60.5 
THE UNKNOWN BATTLE 172
final destination
-1
0 3 3
438.182806676853660
12878.987791197587 4.0 187.3 1.0 3.083333333333333 14.5 16.817193323146434 
33547.51500354977 53.0 153.7 0.0 2.25 20.0 179.0 
THE UNKNOWN BATTLE 173
final destination
-1
0 3 3
278.796000000003630
34173.5797465441 48.0 188.4 1.0 1.25 39.5 134.0 
37489.772396001914 30.0 270.4 0.0 7.916666666666667 26.731250000000006 193.20399999999975 
THE UNKNOWN BATTLE 174
northern cave
-1
0 3 3
98.450000000000000
40058.5413501618 69.0 257.3 2.0 11.833333333333334 19.0 449.75 
22466.80774560861 10.0 269.6 0.0 4.666666666666667 0.0 52.0 
THE UNKNOWN BATTLE 175
northern cave
-1
0 3 3
600.000000000000000
0.0 0.0 0.0 3.0 0.0 0.0 0.0 
0.0 0.0 0.0 3.0 0.0 0.0 0.0 
THE UNKNOWN BATTLE 176
final destination
-1
0 3 3
479.166666666666700
7627.612329061869 9.0 37.0 3.0 2.0833333333333335 0.0 35.0 
11156.2367247175 23.0 43.0 3.0 4.416666666666667 2.5 93.83333333333334 
THE UNKNOWN BATTLE 177
battlefield
-2
0 3 3
0.000000000000000
38929.8586874438 40.0 290.1 1.0 4.583333333333333 4.0 169.0 
39168.927532564 43.0 243.1 1.0 9.833333333333332 3.6733333333333333 433.38933333333335 
THE UNKNOWN BATTLE 178
battlefield
-1
0 3 3
600.000000000000000
1081.2958003279036 0.0 68.0 3.0 0.0 0.0 0.0 
761.5073274338407 0.0 27.0 3.0 0.0 0.0 0.0 
THE UNKNOWN BATTLE 179
final destination
-1
0 1 3
600.000000000000000
1369.633439387187 1.0 4.0 0.0 0.0 0.0 0.0 
227.8854956957261 0.0 21.0 1.0 0.0 0.0 0.0 
THE UNKNOWN BATTLE 180
final destination
-1
0 1 3
600.000000000000000
1685.0598699786515 1.0 15.0 0.0 0.0 0.0 0.0 
0.0 0.0 0.0 1.0 0.0 0.0 0.0 
THE UNKNOWN BATTLE 181
battlefield
-2
0 3 3
0.000000000000000
513.6541738715028 0.0 38.1 3.0 0.0 0.0 0.0 
637.8904946161866 0.0 66.3 3.0 0.0 0.0 0.0 
THE UNKNOWN BATTLE 182
battlefield
-1
0 3 3
600.000000000000000
0.0 0.0 0.0 3.0 0.0 0.0 0.0 
0.0 0.0 0.0 3.0 0.0 0.0 0.0 
THE UNKNOWN BATTLE 183
northern cave
-1
0 3 3
600.000000000000000
0.0 0.0 0.0 3.0 0.0 0.0 0.0 
0.0 0.0 0.0 3.0 0.0 0.0 0.0 
THE UNKNOWN BATTLE 184
northern cave
-2
0 3 3
0.000000000000000
0.0 0.0 0.0 3.0 0.0 0.0 0.0 
0.0 0.0 0.0 3.0 0.0 0.0 0.0 
THE UNKNOWN BATTLE 185
final destination
-1
0 3 3
552.000000000000000
7032.990040965455 0.0 124.0 1.0 0.0 0.0 0.0 
13674.362358794915 13.0 59.0 0.0 2.4166666666666665 9.0 48.0 
THE UNKNOWN BATTLE 186
battlefield
-1
0 3 3
600.000000000000000
13449.707135468205 5.0 277.2 0.0 0.0 0.0 0.0 
5128.972057415147 6.0 22.5 1.0 0.0 28.0 0.0 
THE UNKNOWN BATTLE 187
final destination
-1
0 3 3
600.000000000000000
6701.191515096018 4.0 134.4 0.0 0.0 0.0 0.0 
3290.6357888659595 2.0 51.7 1.0 0.0 0.0 0.0 
THE UNKNOWN BATTLE 188
battlefield
-2
0 3 1
0.000000000000000
31433.776362508335 34.0 130.8 3.0 10.416666666666668 4.5 292.5 
31324.548200906866 60.0 149.7 3.0 8.0 32.46849999999999 338.37399999999997 
THE UNKNOWN BATTLE 189
northern cave
-2
0 3 2
0.000000000000000
43145.017202437884 75.0 174.9 3.0 8.166666666666666 4.0 289.924 
29220.792111462917 57.0 200.5 3.0 12.416666666666666 33.61399999999999 381.9214999999989 
THE UNKNOWN BATTLE 190
final destination
-1
0 3 4
423.489203004981730
19182.39300356069 28.0 97.7 2.0 4.0 7.666666666666666 81.57333333333334 
19851.831372477078 19.0 162.9 0.0 2.5 7.379729661461215 94.93746366168521 
THE UNKNOWN BATTLE 191
final destination
-1
0 3 4
182.148996953884450
36494.49642502359 52.0 180.2 2.0 0.0 14.166666666666668 251.49999999999994 
31395.272389018515 33.0 179.6 0.0 1.25 11.003627979849693 166.35100304611578 
THE UNKNOWN BATTLE 192
battlefield
-1
0 3 4
218.009882544322100
35394.32758565557 41.0 190.5 1.0 6.666666666666667 18.3 184.16666666666669 
33779.648627161114 30.0 197.6 0.0 2.6666666666666665 3.879729661461215 197.82345078901142 
THE UNKNOWN BATTLE 193
final destination
-2
0 3 3
0.000000000000000
42101.08742804383 27.0 406.0 1.0 7.083333333333334 0.0 300.9850831076239 
30746.26718347051 41.0 147.4 1.0 3.083333333333333 33.9336 300.3359999999998 
THE UNKNOWN BATTLE 194
battlefield
-1
0 3 3
14.058905457072626
59049.143145048365 59.0 227.3 1.0 15.083333333333334 7.9036539387158795 276.77442787626103 
47174.83813930889 52.0 199.5 0.0 6.916666666666668 20.666666666666668 309.16666666666663 
THE UNKNOWN BATTLE 195
northern cave
-1
0 3 3
399.743999999999860
8662.896791420504 1.0 214.0 2.0 0.0 0.0 0.0 
37591.519426164385 61.0 210.0 0.0 6.833333333333333 34.128 200.256 
THE UNKNOWN BATTLE 196
final destination
-1
0 3 3
560.875999999999500
26596.28964427674 37.0 109.5 0.0 2.25 24.5 8.624 
17036.394040926352 11.0 197.6 1.0 2.833333333333333 93.72857142857143 32.5 
THE UNKNOWN BATTLE 197
northern cave
1
2 9 3
0.000000000000000
24297.360623354198 0.0 318.7 9.0 0.0 0.0 36.66666666666667 
65787.17581919485 98.0 235.5 9.0 13.249999999999998 53.972 563.4053333333334 
THE UNKNOWN BATTLE 198
final destination
0
2 9 3
0.000000000000000
49515.400369304254 48.0 225.4 9.0 8.166666666666668 26.0 417.5 
45605.353584080294 53.0 164.1 9.0 1.8333333333333335 7.9500502668437605 194.04877537491518 
THE UNKNOWN BATTLE 199
battlefield
0
2 9 3
0.000000000000000
36265.184160160905 33.0 262.3 9.0 4.0 14.0 323.5 
27091.03287812862 29.0 208.8 9.0 7.0 4.5 277.581429168908 
THE UNKNOWN BATTLE 200
northern cave
1
2 9 6
0.000000000000000
36269.84605675694 0.0 255.5 9.0 0.0 0.0 30.0 
117737.77412103825 241.0 265.2 9.0 16.75 63.62652780440378 971.1649006762927 
THE UNKNOWN BATTLE 201
northern cave
-1
2 9 1
299.974746830583300
1264.4153363399466 0.0 80.7 9.0 0.0 0.0 0.0 
22026.642977961874 43.0 105.0 9.0 4.25 0.0 205.0 
THE UNKNOWN BATTLE 202
northern cave
0
2 9 1
0.000000000000000
27310.864799467356 56.0 234.3 9.0 8.833333333333332 5.5275522571043565 482.407210245137 
3923.89799955035 0.0 238.0 9.0 0.0 0.0 16.666666666666668 
THE UNKNOWN BATTLE 203
final destination
0
2 9 1
0.000000000000000
19006.93475360485 26.0 138.3 9.0 8.833333333333334 20.25 498.5 
7737.285382334881 0.0 239.0 9.0 0.0 0.0 0.0 
THE UNKNOWN BATTLE 204
final destination
0
1 3 0
0.000000000000000
18990.55063976201 25.0 24.0 2.0 7.500000000000002 15.533809722969341 0.0 
25232.762887992754 31.0 15.4 0.0 6.250000000000001 28.0 0.0 
TRYING TO RECOVER
battlefield
0
2 9 1
0.000000000000000
36460.798615775035 57.0 381.1 9.0 4.0 41.7 495.0 
3023.1928008561467 0.0 97.4 9.0 0.0 0.0 0.0 
THE UNKNOWN BATTLE 205
